1028143197521707048
1028142927869911072
1028142775625060422
1029353818514796554
1015190279269138485
1002067306270183465
997422537359233034
988730866203238420
988724471814828062
988724559727427604
988722497845338113
988722423711019049
1015883114792366090
988722364898480210
988722277623410688
988722218852839514
988722023918338068
988721907991973918
989747230489604197
1012007968067309622
1012007968067309621
1012007967916294145
1021887442342658137
1021887236670759023
1021887472931704924
1021887516795748372
1021888588645937162
1012007968222490674
821324653321650180
821324653117046819
821324653117046817
893731076139266068
821324652944031760
821970447222177813
821970123921424384
821970261682683904
821969782051176460
821969589067972688
821968968012791838
1052895754848571432
941904229184987266
941903390592622592
941902048050434139
941901925736120370
941901630255820800
941901155494158406
937362796616773693
937362761023881246
937362730908803152
937361670190293022
937361607632232489
1053521113738641419
1026621291404480612
1026707358367371274
1026704068959281242
1026374200899936267
1026374062529843220
900178307142795295
900178306966646796
900178306966646795
900178306966646794
900178306807255058
900178306807255056
900178306807255054
900178306807255053
900178306807255052
900178306807255051
786206649043386369
786205411962519553
812638395352088596
811756907785093190
816280095944736790
786205111680237610
812304587758239774
1060220471532064869
1054886253427970181
1066830232763510885
1066829846375833751
1066828019978739822
1066827939217424464
1066827767590694942
991396113837994064
991396047102423150
1064598204982759556
1055508347425660928
1056003563475697737
1055474932638830652
1055474905006743562
1055474821632381031
1043309961951846490
1036871084357722194
1035761367149449306
1035762324348354560
1035760917536845844
1035760645762723892
1035761006267346964
1035760623063138374
1035760612648697886
1035760585452826624
1035760572278509698
1035760556692480040
1035760541030948895
1035760900692512798
1025820301868671078
1023352950258671657
1023346669716258826
1065694019344146462
1007274059643490354
1007274026172940299
1007273893205119026
1007273999769804953
1007268063600709692
1007268036769747015
1007267899494371358
1007267603745611798
1065333679896940685
1065332800959545556
1065332729761239143
1065332659049484389
1065332513293209611
1065331518962155553
1065053782259552297
1065052575138848789
1066137566824382594
1066138679606784074
1065821996656644096
1065791929570304131
1064693383588749352
1066764011040952331
1066749350077792330
1065383317068853320
1065493242134663188
1066439124413853726
1066439062107455529
1066439914360688691
1066439879799615519
1066439806499954829
1066440472236654642
1066438740156878958
1068449432334520362
1063827004211863602
1063823124992380958
1065185427163721758
1029725404950450228
1065021844836589678
1059804796502163566
1066486743852908634
1066484383046971443
1066483376766320800
1067839784871022675
1066481980654501968
1068282846512418938
1066479784336572436
1066480387351658536
1066480069096259644
1066479986141315153
1066479906478882907
1063321446597808219
1063321187205267456
1063618799779188997
1063321001968025610
1064673218662760508
1063320081796452373
1063320029841588245
1063319993028198490
1063319906692648980
1063319749112635432
1069212255222235246
1069212245634072617
1069212243172012082
1069212240479260692
1069212238637973567
1069212237287395328
1069212235710349313
1069212234443653150
1069212233038573568
1068430837244239923
1068430804096663592
1068430778628833340
1068430753060356216
1068430728985051156
1068430700627378256
1052565394365349991
1052565346088914954
1052565246319009822
1055497532240834570
1055497376489541703
991162036975325234
991161981652443136
1007109313220841513
998700605784739910
999475061356499016
999522847028432996
1063807201703112704
991162217955332157
1017154937341358093
998324854346485810
998325631777521664
991025393798610984
991025243428651078
991025218376040448
991025183219388507
991025159647408129
911011877763563551
911011875985166427
911011875041456159
911011874177429574
1063739611303641118
1063739655796826172
1063739568555302912
1063739520153034753
1026233420671635526
1063731439784443914
1063731212952293386
1026233462367199262
1063732177788997753
1062515771319799908
659170019896328233
1069226200716824656
1069230033874452560
1062163800037540001
1062164854254882877
904334459464187954
904334460298874950
1067242000086220870
1067241902514118686
1067241726542106745
1067241804988174406
1067241575559729212
1067241499043053608
1067241238459322508
1063266009760407633
988098645167579154
1007176742819086336
988098645167579149
988098645167579148
988098644911722596
1020490224423415908
1034551521255362642
988098645620588641
988098645620588640
988098645620588639
988098645620588637
670500274619678731
933047329022439464
933046962910003280
933053786904211496
933053688266772580
933053635078791188
933053559656824872
933058044592541766
804556121096323110
804555229345480744
804848083019104306
839491323488239627
865583460890181636
819935995230158868
819935732919042098
819935639524081704
819935251504955452
858025686575742998
858025686575742999
858025686379528271
858025686379528263
858025686135996465
858025686135996464
858025686135996462
858025686135996461
858025686135996460
858025686135996459
922200618507042908
922200614707007498
922200606800752651
922200605571825725
922200596981891114
922200598449901648
922200599360073750
922200600865824768
922200602119921726
1016806878153539675
1016805828164059209
1016805998775762954
1054506581565378700
1054509698461732884
1039899769553817690
1026684135420469269
1016803154937008218
998390814474514555
998390814474514553
998390814252208237
998390814252208236
998390814252208235
998390814252208234
998390814252208233
998390814252208232
736798815587401818
736798814987485276
736798640462495754
674033334971793458
529008275010748417
529006968463949824
591191480190631940
591191477137309696
869872937241542677
926730316582891574
877980280659525638
1028727988906381425
1028727949400223835
869874606083813397
877581428836143104
1005601840022442084
1027384408157720636
1003241115023056928
1003241017232859137
1003240954116968518
925722294221934632
925722206602944522
925722069474361355
925721939983601684
925721644859813909
868599080543199252
604368231834058773
1005861595043352606
781133312852361266
957941176135221258
1013780253526728787
1025919278119133271
1025919278119133272
1025919278119133273
1025919278119133274
1025919278421114921
1025919278421114927
964644434463563826
964644764593053757
1044951315794640976
1024454519167393792
953658966620114965
964644812496207942
999079410252652675
1025919278421114928
1025919278651813892
1024454564512026725
1024454566286213130
1024454567645155388
1024454569029287936
1027015044225040466
1029153884607873124
1054427917456789584
869621681247907860
869621869865730058
975298521391591475
975298727189295154
1055247492574355536
1055247889821077564
999079304304537621
752588056875499520
862837475889250364
862837570546171926
754248494830846042
839620083285753876
839620142241415168
754251453761323038
999079190127198309
789415529651503134
754251474409881640
1055469162782265374
1013741122633351201
794575725365166130
995714922212237413
995856521621676052
1007784354472267916
1059556539591032912
1059551080075239507
1059556879392592033
769856585144991795
769856609719156739
1049832824317952102
1046492337745969213
1046492260080046171
1024454531582545960
990674373985849364
1046107293332283483
878921741823516702
1046107900776550491
991150449795289129
996649716290965564
996652011770622073
996649784318365736
1046404060594581607
1046404083818438746
1046404103934320722
1045065735740866671
1045065760617279518
1045065768389329058
1045065794649870376
1046403060953530468
1046403087390228511
1046403104322637854
1046403153500831754
1034339206547374090
1034339206086000640
1034339205662392380
1034339205431709696
1034339205125505044
1034339470113251438
1034339884204294174
1034339883034087424
1034344038054236200
1034344038754697296
1034348157036924951
1034343307821731922
1034342526188015616
1034343497651724389
974338918470275102
974339140516728912
974339218337853501
974339264018010112
974339343156133918
1060484060255879208
974345806389850203
974345270223573033
1000315991873552434
974344170003136512
1054083878781976626
1054137949152890940
1054088458240540693
1054137010283085906
1054085446088532028
1054083936256528465
1054084119992213524
1054083965855744080
1006578406370058313
1054084259742220329
1035250087040921610
1005861589691400213
1055998202215665744
1005861600139419658
847029681785667605
847029835729076235
847029758071930890
681185957810274309
1054073155351740446
707686521653821520
1001172197013999756
530161517291896837
996241635295891566
991890375738400808
995853559381889035
995853115972665407
727981213930750018
1003675942230691971
727981214266556417
727981214102847538
727981214102847539
1036437498387234826
1051456180490350719
868599075715571753
869653050355220550
868599076986421299
868603199030976563
868603377372782603
868603541919514714
868599078043398284
868599084292903032
1022595436562890802
1022595853870956604
1028170612780322866
1059548010838753320
1059548025321693284
1059548704173985792
1059548815264329728
1059550813032284220
1059551776736563341
549949090872557589
549952532693385226
549951891522453542
566330524910485504
1032448132379848805
1032448207386583121
1032448224826495066
1041956427679399998
1050930272595628034
1050930272595628035
1050930272595628036
1050930272595628037
1050930272595628039
1050930272595628040
1050930272595628041
1050930272754991172
1050930273212174360
1050930273677758526
1026167266699661482
1026167483863924777
1026167611689533470
1018513452538531961
1018513491113562252
1057255923011289199
909739751903481916
909739710522470411
985771619924467732
985771693479968839
1000210324257001503
583558674711052300
1052994133414916178
1052994299962347632
1052994214058799185
1052994444061843476
1022244583305924691
1023284209839775825
1001256422891339847
1025919278119133266
1023292982822191154
858734007729258526
825444045789855783
825445142789619793
825445260226199592
825445315120332850
825446495368773642
853524910105559100
814557005972635699
814556769640382505
788501452192350219
775205359853764650
774530354328371221
774530456720769025
774530481832198155
774532600756043776
771414557087367218
774530909998284800
771377502747623464
812664397536559114
812664712667594802
812664838111232000
812664896633962547
812665054150393866
1045065745534554183
1045065775175700520
1045065754053189763
1046404068488253530
1046404097605124157
1046404076147060807
1046404089925353544
1046404110141882438
1046403071791603804
1046403145263222864
1046403080201183312
997930480617918504
997930726114725928
936154016323354634
936154162872320000
997916982080983040
807008311484219402
807065269939601408
807008417360510977
807008517143789598
807008559971696661
807012341609922640
817047647914950686
812367426762571807
812802779240202240
817047736426954753
847314758118277130
817047757239091211
794418557102456832
999056075405934642
794420082183897098
794422338611183657
835801333457223680
1024454522497662977
794422598095994901
794422969451020328
794422785790574594
794422879935529000
794422508249808956
835801569353662495
1057396785989042337
1054088018551648306
760199799214440460
566313755278049280
1024454549584498779
974343798589112320
566318941660774421
566335596243714050
868599079695945779
868599081541464094
1010139016181588051
764888993728430090
1047270918239563896
764889001092972554
726492930730098830
1007974128533377055
1007924025844060262
1007924026024398928
1007924026024398929
1007924026024398930
1007924026024398932
1007924026196377724
921203156224987213
921203156015276080
921203156015276073
840606710443278346
840606925057425438
840606870943039528
840606979331326002
957619882801922088
820741988272963584
820741990277840907
820741993545990144
947640251126513734
939338134590722048
990723976227610644
983876553660309564
1005675166971478127
722723832468602913
957922655107952671
957620090013114378
840604352158236702
1013780254835343360
1013780258283069440
1007924025844060257
748398740242563172
881795237431873567
748398766469546105
1047975788533784606
748398881133428816
748398797062930475
791385685050654723
748398960812752897
851480232425816065
543546161605246996
431589259984502794
721898279335362610
721898283240521820
721898289053564963
721898279973027850
984980614753173535
878921944878182440
878921972342485032
921203156015276081
878921990751256616
878922015300526080
878922122632777780
878922454154772551
1044933343768231977
1007924026024398934
997917029518540810
1009616528754344056
1007924026196377725
1044933345882153041
1044933344833585202
1044960243249057812
1044933353201225769
918150838634033223
918151346803310654
918151421214474291
918151450557829190
918151485152460830
918153775313723434
918154611410485258
755308640851853316
1013780252192948254
1027015143416156260
1015909325627203625
1015909807485628527
1015909968408494160
1015910354506743858
769858403878043679
881798563565297664
881798584419385344
881799189082832916
881799280145367052
1017304624513941547
1017304909571424297
1017305066652303400
1017305142133014549
1017305239164031088
1017305373834760212
1007363638048338046
1007356816809787412
1007356627080446043
1032290867962200165
872791115705761802
872791336623960124
1027982828975173703
1027983039730561054
869947336346959912
820741989942296576
869947435131228180
790077804096127007
869947464319381514
869947479980916736
790077204939145226
918157033197432893
918156907338932286
851480533141028885
934241625713016862
851480480565297152
1002199393706967120
794422700167921704
878922929260359680
890960308506615829
878922657473638400
918160951885299743
918161314495488072
790078518272851968
901317901410259005
901317919265390613
901317938043301908
901317957626515456
874416416319754271
609737652958134282
777746159430008842
777746234714357760
777746302209359874
790429409991327794
777768389471895552
814629158939787374
777720309011841059
524325235844186132
547182582597681172
542284375769874432
957995245126189077
957995402613911584
957995427725201480
957995445114781736
977788705030955018
1005465778390302821
1046966589641195580
879691944467505222
879691873986441217
879691827039584286
879691740687249409
1046967562388394056
1042624517362696262
1042625411152101416
1042637017583996928
1042954709885001760
1042624893340094484
1042643599730413638
1042624606424535100
1042954785214705716
1042624791611453531
1042644024051376189
1048817346820714566
1045764365653115046
1045764365653115047
1045764365653115049
1045764365653115050
1045764365653115048
1045764365653115052
944269354286071860
944269397793570826
944269424293208174
907388218285117462
977231894594859039
977231927616634900
977231941197758504
977231954351112282
977234523479752744
1053413765690957824
1053413768740221001
1053413770136920074
1053413774717096137
1053347925360648192
1047879195080011858
1047879196791283732
1047879198208966727
1047879199848939560
1047879201866403901
1043628525363667024
1043628526785540096
1043628528144482314
1043628529671217192
1043628554342125638
1057646260930224189
1057646286502899862
1057646314323718184
1057646346737299526
1057646705463533698
974409787301326918
974409831144382594
974409869308338186
974409895396905050
974409922970279967
974409949230804992
880482431776481290
880482455314915368
880482472603824198
880482489062264852
699319697706975262
880468401930244127
1050968402363154492
1050971277483053066
1050971405325439017
1050971488917921872
1050971558656618586
976578645013442610
976579362751131699
1000706764678901840
818276237230997527
1015883998997794826
1006300495234740234
1014906877919899729
1047751061290618921
1054775214770245653
1054776951321149470
832160196083580962
832500722800787518
979332005911203842
766230062713536513
937607128447860767
893980077262524477
747560253737926787
741652902556467282
875012326661705868
716063120438591499
764876144566206506
880198855755431956
787759101132144700
807635364968661002
807635569441374228
890667546972405790
890986318006480957
845329519266889740
839231851759796236
957058458006487080
852275037779132522
852275038605410304
964608205051273287
797429637188681729
979316576417370152
979316609992773652
984012573093531668
847880382535696424
847880383532892220
847880384733380628
990893917761314846
990892492318711838
891344454282272768
891344455423115285
1015861041466454110
1026956104065884170
1026956119635148931
836546525520723978
836545796307419166
785933570865889311
785957584871489547
1025105314929987704
876531700803444766
876531709615685642
906873031043985418
906870074181316608
879492719628664893
879492750389682206
1039567669080359014
960767930721767434
988181785219301496
831509831767687218
831509843385909339
927286558011297822
850535842060959764
850536118105538560
1009527732184563742
1009528008320757810
1009528324206362644
929659011257749544
929659092191039499
905092304610689086
1038044490222551070
776161316829659156
812687018466607104
812686917451513876
781567167904219167
876531656041832480
1027971387635273811
837664402626969610
894716819494010951
764773176877514793
812686837365342238
996649631981252659
1034341957381668865
727981214266556420
583558223127117834
1050930273677758524
1023294562074099822
991389796935139348
991389851213635664
991389903080394792
991389945753251990
991389981773926400
991390017526169741
991390090809069618
991390146828185621
991395519224102992
991395887496581161
1003381412377919519
1059080880724918338
1053017834118205592
1053017874479984690
1053017922924183613
1053017884483407903
1051556505310216252
1053361907999985674
1043343439779070042
1024454510158020628
1043343324792246332
1043340727289139251
1059080880443895828
1053017719257174066
1053017734151155742
997243780539367434
997244204436692992
997244360473186445
997244461522358363
983389624003080213
983389624489623604
983389624489623607
983389624489623608
983389624489623610
983389624930037764
983389624930037765
983389624930037767
983389624930037769
995102299846348871
983389625240391723
983389625613680661
1060585210313461790
1063749421583573102
1060587654548295791
1017842270331998208
1032404727524237344
1032404864325656586
1032404901755637822
1032404932822843403
1032404980331724891
1032405002980958239
1032405026490040381
1032029358442950816
803919473517396008
800357182713364500
1032102557402812416
781132016116563998
781132033535508491
781132058160005140
781133495237476352
781131977746153514
803920172150685747
781132655180775446
1058088363657265282
844199812706730054
844199763163611177
844199622976208926
844207115254104084
844200300108578836
844682489897549824
844682624231538739
1057646773226709052
1057647303109906443
1025919278119133267
1025919278119133268
350726934000304128
904334462073073674
904334463293612112
904334464153444373
904334464988090378
904334467550834748
919365627540566016
904334469400526858
904334474014236682
724500386811084900
976487777426358312
976487800381792256
976487821554630656
696807165603610654
685958911328649231
616856309970763824
485229242892681226
827923277270745108
983415462144647168
983415466582233200
983415467865677834
983415469354676264
984818019404492830
983415488925290536
983415491152453632
815392123859369984
815392406546808852
815392696079351808
835217102569734165
835217537238695987
835217597367582822
835217618986205194
802134409239199754
764889015492804608
764889008466690078
731155264044138516
726495643820097546
1065358047708463114
1065358083271962697
1065358121087795210
1065358179275391187
1055323881033957426
1065541943758684181
1070306252510482512
1065542119378403418
1071070005300572160
989231103934083113
972436271723053066
972436376073162772
1058296479674007592
972439891390648320
1010052095396810782
1010052336489611354
1058649400345366558
972740643774414880
972740614389116959
1044681102461259876
1044681103992180848
1044681105703436298
1044681106982699039
1044681108433944666
1055835425190707230
1055835320849022997
1055835175063388290
972740591219802112
1044681076938915930
1044681078465634364
1044681100859023400
1055788414529712219
1055788370594377758
1055849609529917481
1058649192869937153
797428595400114236
874416407436226560
733082331618869278
733081171348553879
733304320094765146
881795283502133268
973285316121227274
977224494185844847
973285318499393616
973285329974984744
812676816710926387
1053348090238750860
1053348181687160914
1053348276629414020
975136255207682128
889159674375577690
807014328023646229
1057647372282364015
762580114881249280
919901584413048862
919901649638678568
806424236490489867
809719270463635456
809719214301511710
757476260690657281
848544829758898186
851359801400360980
706750780132294658
706750867587727410
1030232349759262780
924736848285298768
1032359366227140669
1018920331127291956
1013930624299577484
924736891574698014
924736950173319209
924736960277405757
925118529601146910
925118678087925800
925118785017512026
925118843326726216
9251189a0704017458
925118962721763369
925119035262242866
925119141587849237
1024454551056679003
1050930273921007648
957620752989958204
771414928476602400
1057819015965319218
991397610973835314
991403005238837359
991403121739829308
1059080880443895835
1059080880443895836
1051557801501139044
1053362209813696552
1053362314029564047
983389625240391726
983389625240391728
1032023069868441610
1032023235832848384
1032039645128691742
1032395806180917249
781133245777575966
844200443445772308
844208544130793513
1057647234126192772
474176229268783126
904334473074712576
904334475884888114
649271115021287424
649270467781459968
616858209067466773
616858259277479948
784058814310907934
983415496395345951
983415499469750372
734000713117597786
972440763440963604
1044681081355509831
874416411475312700
874416411936714842
901319175350403093
869873193081536572
1028727609221189632
736798816803487805
1053348128687931535
922200613566173304
858025686575742997
804556086626877481
933046771645550653
673211050681958408
679993517279412224
425080501557002270
1053266829981778025
1053266829981778026
1053266829981778027
1053266829981778028
1053266829981778029
1053266830371868753
1053266830371868757
1054115616145023168
1053266831311372341
601827720363638914
489540976348626956
506264947290800148
497531022313783307
460113768752480266
1037952685468561478
1038970365239640064
1038971096441045032
1063984451547303956
926526071564820550
926526332081405973
926526271054311565
1063982874912636958
926524333696876574
926524366144016384
926524411996164126
944975498818236416
944975550882127922
944975616741089281
944975665365659648
944977241937440808
944981156770762762
944979849100034140
822659135018500146
827698945324351498
823542534420430918
823540613383061534
822667700299366420
879555694225948712
879550077339828274
892317944204386304
882202235814170665
882203977842835456
882205050766770196
882205239489478686
882205465306615858
882206168410378242
882206462816960532
882206607432376360
882206969308532756
882207452089688154
884644340931133440
884644389106884609
884644432169811998
879557343971508235
879560587468754944
834445464488378408
875350699486117948
834444811007688734
811270325017772075
803371504330604604
791040856479105035
652256190507646976
676114947222274048
811790907643789312
777720308756643847
1071510434231885844
819032030364827668
844609853934272552
844610026760044554
844610359696425030
844610379329175562
811245305105350656
859701355609718804
815945639799423026
815943801985171508
842086102167715891
811248558664581121
811248576545554433
731035633694408710
820787727221653506
731035634021695572
731035634021695574
789691327906185227
805649400122048532
790668756594196531
790668898714386497
790668918485286932
790327770525335602
790327815635468298
790327863349477416
807007337599467551
807007392175751218
870445230032310292
821231233685520424
795798255862284338
789967186957041685
821500150941483008
870451040095461396
796199201041416202
796199146285301790
818145309216604192
819183272134967326
969345322822303754
980125901058621521
1053497117357903882
1053497175168012380
1053497261868458065
714897165201310078
667569149060448259
728347667989528616
728347953143480421
623617743991865363
503685986572566528
503690616367218728
891688202195329064
904233680325738496
891688300006502491
891690661005393920
892041972301307954
892042067499425852
892042272353443860
892042229919657984
892042320499847229
752671045047025735
752671954250629171
752855479721394207
752855641592430672
752856180786724935
752856566142730300
752856809467019274
752856966031999076
731892321829781566
731897439841419286
752939378497814610
731904130196701185
731924313267109980
731896677404901487
628805934281392128
628449372572614656
1046403161646178444
1046403173843206174
1046403180407308358
918161958346309692
950151582832558140
950455067964760134
845923846699220992
746633824040910889
746632279547445301
815382407519272971
967182211558297770
967182413413372015
967182474117529601
967182526152073226
1000383251015274556
967172135942516751
967172136173207584
967172136173207585
860237405374119956
860237516980748357
860237701943787560
860237728011649024
860239416290312223
860226299506589698
872544644632825927
860463871457886218
921128684293865522
921128514873360444
921128550227124325
921128591780085861
921128729349074995
921128817131667486
921129489809932390
921131338650763264
921128073397674064
921280243803774977
921281205339574292
998641764418211951
998641773842808882
998641782944432280
998641791366606858
998641798035538020
998641778846601356
640250206134468633
640250433201242147
632656853570027560
906550673548673065
906550788594212944
906550884949983333
906550953493270559
921511824657088532
921513582250852402
921513538877550622
921513696071655425
1022596815545180180
954380709483671633
944982356324917258
944984597857452052
1065359132791685210
769856627687686144
1007924025844060256
1007924025844060255
946826900385435738
1071873690259685386
1071873789039743046
1071873876381945949
1071873963057238086
1071875062229106718
1071874040412774450
1071874109123858493
1071874607977603243
1071874211573923871
998390814474514557
1035987700366458901
1035987255602466888
1035987325374713917
1035987411257274490
1050759371296084008
1050759713983299585
1052295863319400648
1034576638261870722
1035988380837761175
1035988608139677817
10359893x14082984036
1055359579753545738
1055358820886523954
835217639857061978
835217662585077840
764885196859637761
1028444145968238642
1072638329536909423
777720308756643846
1071512315347873864
1071512433090383902
1071539707843985439
1071557884372066435
1071557955813646406
1071558009832087706
1071558050240008242
1071558080267038870
1071781172344008786
1055999895087087616
1070085318147047584
1061196626582044722
1061196677580591154
1061196704591917146
1061196740298018817
1065085665148158124
711489976193384448
1031954778219085865
1031955030795882557
1031955118947573832
1031954811077279774
1031954839158136892
1015883881964126258
1015884313562206270
1072066914999877682
1069299079621918731
1069298551215099984
1031953756209811578
1055323808329896017
1069763124598685756
1069763163660238910
1069763219968770090
1069763256564064276
1069764272835526817
1074308235571507322
1074308422897516554
1074308681480544337
1051880381307179038
1051880382473195600
1051880383647596655
1051880384880726017
1051880389968412683
1051880392623403008
1051880396658311228
1051880398029861054
1051880409757130812
907389218517581884
955795492703445042
909213941887008818
1063938092068765726
1063938134812926032
1063938171143987340
1063938195563237396
1063938239213351094
1063938271861817444
1063933451000098938
1063933451000098944
1063933451000098943
729736235320475709
753252746844700682
1073296526547353792
1073250121107656734
1073250334501240902
1073250578538438816
1073253422435942481
1073253454128091176
1073253483144286302
1073253522818224238
1063925700043751564
1063925608234627172
1063925562562854943
1063925492744454294
1063933257273585720
1063933257613316248
1063933257613316249
1063933664234307666
1063933664234307671
1063933664234307672
1072320860368674926
1072321826350436442
1056519875071328297
1075463941179842596
1075463941179842597
1075463941179842598
1075463941179842599
1075463941179842600
1075463941423124531
1075463941423124532
1075463941423124535
1075463941423124537
1075463941649596426
1075463941649596432
1043628541201358970
1043628544904929391
1043628547668975677
1043628549552226404
1043628563615723520
1043628565025005588
1013204936965767178
1013205468560248903
1013206046518542409
1013206509737492642
1013206548752900176
1013206840722591845
1006347877758533686
1007027308525277284
871946266337239071
871946291985403924
871946323430088754
871946342837145601
871946360168013865
871950188971966504
871946154290589727
871946265099911238
1066419202694598737
870021365355380786
927843707049349130
927843881578557450
870024534844117083
870024619208376370
1049906422508421170
1049906478389153882
1020043590732365905
1066451872908595331
1020043823239405589
1020043931746058240
1020043972317552680
1020044197576847390
1020044274194186270
1072831041674416158
1020044376849784913
1020045221788131421
1020045689922789376
1072814350609436732
1069945163339796525
1069945163339796526
1069945163339796527
1069945163339796528
1069945163545333890
1069945163545333891
1069945163545333897
1069945163704709144
1064913231308660819
1064913231308660820
1064913231308660821
1064913231308660822
1064913231308660824
1064913231308660825
1064913231505801277
1064913231505801280
1064913231505801283
1076710191409668196
1076710967234285608
1076711228497473686
1076704568827727969
1076704568827727964
1076704568827727965
1076713398282231808
1034340014483578960
1072912878379728906
1072912926677143654
1072910282445308027
1072910248098152568
804445662288019538
804445662288019538
988098644911722592
