1010139016181588051
974338918470275102
974339140516728912
974339343156133918
1060484060255879208
974345270223573033
1000315991873552434
873459658059305020
974343798589112320
812664397536559114
812664712667594802
812664838111232000
812664896633962547
812665054150393866
812687018466607104
812686917451513876
812686837365342238
812676816710926387
787336841371451422
787336715391074314
787337179977482280
787337652810416138
727741336819597407
1092431908270526504
787168611260563457
727741337239289978
1069627883926077520
1069627866456801420
1069627845179084810
1069627825528778772
1069627808583786526
1069627919485374514
1069628265507078154
1069628112289153107
1069628003576979526
549949090872557589
549952532693385226
549951891522453542
566318941660774421
